7.210000000000000000e+02 1.003000000000000000e+03
3.200000000000000000e+02 6.860000000000000000e+02
1.670000000000000000e+02 5.680000000000000000e+02
5.990000000000000000e+02 4.620000000000000000e+02
7.970000000000000000e+02 5.020000000000000000e+02
1.148000000000000000e+03 5.690000000000000000e+02
7.100000000000000000e+02 4.350000000000000000e+02
7.100000000000000000e+02 3.710000000000000000e+02
1.212000000000000000e+03 5.060000000000000000e+02
1.230000000000000000e+03 4.040000000000000000e+02
1.255000000000000000e+03 4.600000000000000000e+02
9.820000000000000000e+02 4.330000000000000000e+02
8.000000000000000000e+02 4.150000000000000000e+02
9.270000000000000000e+02 3.840000000000000000e+02
1.087000000000000000e+03 3.930000000000000000e+02
1.311000000000000000e+03 4.030000000000000000e+02
