5.780000000000000000e+02 8.490000000000000000e+02
7.360000000000000000e+02 7.920000000000000000e+02
9.130000000000000000e+02 8.480000000000000000e+02
7.660000000000000000e+02 1.013000000000000000e+03
1.070000000000000000e+03 1.021000000000000000e+03
1.078000000000000000e+03 9.040000000000000000e+02
1.077000000000000000e+03 7.850000000000000000e+02
1.079000000000000000e+03 7.460000000000000000e+02
1.193000000000000000e+03 7.830000000000000000e+02
1.250000000000000000e+03 8.420000000000000000e+02
1.407000000000000000e+03 1.020000000000000000e+03
1.445000000000000000e+03 7.740000000000000000e+02
1.625000000000000000e+03 8.290000000000000000e+02
1.420000000000000000e+02 1.004000000000000000e+03
