4.770000000000000000e+02 9.840000000000000000e+02
1.880000000000000000e+02 7.330000000000000000e+02
6.000000000000000000e+01 6.220000000000000000e+02
5.690000000000000000e+02 4.880000000000000000e+02
7.720000000000000000e+02 5.220000000000000000e+02
1.122000000000000000e+03 5.800000000000000000e+02
1.246000000000000000e+03 5.050000000000000000e+02
1.257000000000000000e+03 3.870000000000000000e+02
7.080000000000000000e+02 4.510000000000000000e+02
7.080000000000000000e+02 3.770000000000000000e+02
8.260000000000000000e+02 4.200000000000000000e+02
1.031000000000000000e+03 4.320000000000000000e+02
1.334000000000000000e+03 4.520000000000000000e+02
1.004000000000000000e+03 3.730000000000000000e+02
1.188000000000000000e+03 3.750000000000000000e+02
