6.096000000000000085e+00 1.341000000000000014e+01 0.000000000000000000e+00
3.048000000000000043e+00 1.341000000000000014e+01 0.000000000000000000e+00
0.000000000000000000e+00 1.341000000000000014e+01 0.000000000000000000e+00
0.000000000000000000e+00 8.835000000000000853e+00 0.000000000000000000e+00
3.048000000000000043e+00 8.835000000000000853e+00 0.000000000000000000e+00
6.096000000000000085e+00 8.835000000000000853e+00 0.000000000000000000e+00
6.096000000000000085e+00 6.705000000000000071e+00 0.000000000000000000e+00
6.096000000000000085e+00 6.705000000000000071e+00 9.140000000000000346e-01
0.000000000000000000e+00 6.705000000000000071e+00 0.000000000000000000e+00
0.000000000000000000e+00 6.705000000000000071e+00 9.140000000000000346e-01
0.000000000000000000e+00 4.575000000000000178e+00 0.000000000000000000e+00
3.048000000000000043e+00 4.575000000000000178e+00 0.000000000000000000e+00
6.096000000000000085e+00 4.575000000000000178e+00 0.000000000000000000e+00
0.000000000000000000e+00 0.000000000000000000e+00 0.000000000000000000e+00
3.048000000000000043e+00 0.000000000000000000e+00 0.000000000000000000e+00
